static
0.0 0.0 0.0 Fe
1.0 1.0 1.0000000000000002 Fe
1.2246467991473535e-16 2.0000000000000004 0.0 Fe
1.0000000000000002 3.000000000000001 1.0000000000000002 Fe
2.0000000000000004 0.0 0.0 Fe
3.000000000000001 1.0 1.0000000000000002 Fe
2.0000000000000004 2.0000000000000004 0.0 Fe
3.000000000000001 3.000000000000001 1.0000000000000002 Fe
1.2246467991473535e-16 1.2246467991473535e-16 2.0000000000000004 Fe
1.0000000000000002 1.0000000000000002 3.000000000000001 Fe
2.449293598294707e-16 2.0000000000000004 2.0000000000000004 Fe
1.0000000000000004 3.000000000000001 3.000000000000001 Fe
2.0000000000000004 1.2246467991473535e-16 2.0000000000000004 Fe
3.000000000000001 1.0000000000000002 3.000000000000001 Fe
2.0000000000000004 2.0000000000000004 2.0000000000000004 Fe
3.000000000000001 3.000000000000001 3.000000000000001 Fe
5.56 0.0 0.0 3.40451810163e-16 5.56 0.0 3.40451810163e-16 3.40451810163e-16 5.56 