0.102724670636191 0.113631932948236 0.489656376606699
0.0121137000000005 0.113624630823522 0.0348480299074689
0.0615859649322121 0.613648047521895 0.263189470577628
0.14933468591141 0.113650284396201 0.215643783934902
0.194483236361934 0.613626247889129 0.443192883392877
0.28405283354905 0.113638606809576 0.398391191949388
0.0615865025955558 0.113653140012595 0.763194715274643
0.102726539595659 0.613632217206958 0.98966263137552
0.19448433828719 0.113624458361339 0.943204388081357
0.240174122434045 0.613631924464291 0.170123646440648
0.329742661712806 0.113624458361339 0.125319611918639
0.374892189258113 0.613656275212778 0.352868403181649
0.462640697404443 0.113653140012595 0.305330284725358
0.0121137000000005 0.613625099530448 0.534842974597115
0.149334810741883 0.613656275212778 0.715652596818356
0.240174166450953 0.113638606809576 0.670134808050611
0.284052877565958 0.613631924464291 0.898405353559357
0.374892314088586 0.113650284396201 0.852880216065094
0.421501460404342 0.613632217206958 0.0788653686244804
0.329743763638062 0.613626247889129 0.625329116607124
0.42150332936381 0.113631932948236 0.578870623393305
0.462641235067785 0.613648047521895 0.805340529422367
0.602724670636193 0.113631932948236 0.578870623393305
0.512113999999996 0.613625099530448 0.533683025402891
0.784052833549052 0.113638606809576 0.670134808050611
0.694483236361936 0.613626247889129 0.625329116607124
0.649334685911409 0.113650284396201 0.852880216065094
0.561585764932215 0.613648047521895 0.805340529422367
0.512113999999996 0.113624630823522 0.0336719700925377
0.962640697404442 0.113653140012595 0.763194715274643
0.874892189258112 0.613656275212778 0.715652596818356
0.829742661712806 0.113624458361339 0.943204388081357
0.740174122434046 0.613631924464291 0.898405353559357
0.694484338287189 0.113624458361339 0.125319611918639
0.602726539595658 0.613632217206958 0.0788653686244804
0.561586302595562 0.113653140012595 0.305330284725358
0.921501460404342 0.613632217206958 0.98966263137552
0.874892314088587 0.113650284396201 0.215643783934902
0.784052877565958 0.613631924464291 0.170123646440648
0.740174166450953 0.113638606809576 0.398391191949388
0.649334810741884 0.613656275212778 0.352868403181649
0.962641235067785 0.613648047521895 0.263189470577628
0.921503329363812 0.113631932948236 0.489656376606699
0.829743763638063 0.613626247889129 0.443192883392877