0.0 -5.0 9.69377347958 1
1.7635 -3.2365 10.130903401 1
1.7635 -5.0 12.1066987497 1
2.31279652921e-20 -3.2365 12.1066987497 1
-2.20131318599e-19 -5.0 14.0803694658 1
1.7635 -3.2365 14.5015098054 1
1.7635 -5.0 16.5757300107 1
-1.45334700124e-19 -3.2365 16.5757300107 1
6.11873507206e-20 -5.0 1.02783249192 3
1.7635 -3.2365 5.38590932194 3
2.15931804646e-16 -5.0 5.70756444867 1
1.7635 -3.2365 0.699482495075 1
2.15990324035e-16 -3.2365 3.20873715552 1
1.7635 -5.0 3.20873715552 1
4.31932926059e-16 -3.2365 7.61138478165 1
1.7635 -5.0 7.61138478165 1
0.0 -1.473 9.69377347958 1
1.7635 0.2905 10.130903401 1
1.7635 -1.473 12.1066987497 1
2.31279652921e-20 0.2905 12.1066987497 1
-2.20131318599e-19 -1.473 14.0803694658 1
1.7635 0.2905 14.5015098054 1
1.7635 -1.473 16.5757300107 1
-1.45334700124e-19 0.2905 16.5757300107 1
6.11873507206e-20 -1.473 1.02783249192 3
1.7635 0.2905 5.38590932194 3
2.15931804646e-16 -1.473 5.70756444867 1
1.7635 0.2905 0.699482495075 1
2.15990324035e-16 0.2905 3.20873715552 1
1.7635 -1.473 3.20873715552 1
4.31932926059e-16 0.2905 7.61138478165 1
1.7635 -1.473 7.61138478165 1
3.527 -5.0 9.69377347958 1
5.2905 -3.2365 10.130903401 1
5.2905 -5.0 12.1066987497 1
3.527 -3.2365 12.1066987497 1
3.527 -5.0 14.0803694658 1
5.2905 -3.2365 14.5015098054 1
5.2905 -5.0 16.5757300107 1
3.527 -3.2365 16.5757300107 1
3.527 -5.0 1.02783249192 3
5.2905 -3.2365 5.38590932194 3
3.527 -5.0 5.70756444867 1
5.2905 -3.2365 0.699482495075 1
3.527 -3.2365 3.20873715552 1
5.2905 -5.0 3.20873715552 1
3.527 -3.2365 7.61138478165 1
5.2905 -5.0 7.61138478165 1
3.527 -1.473 9.69377347958 1
5.2905 0.2905 10.130903401 1
5.2905 -1.473 12.1066987497 1
3.527 0.2905 12.1066987497 1
3.527 -1.473 14.0803694658 1
5.2905 0.2905 14.5015098054 1
5.2905 -1.473 16.5757300107 1
3.527 0.2905 16.5757300107 1
3.527 -1.473 1.02783249192 3
5.2905 0.2905 5.38590932194 3
3.527 -1.473 5.70756444867 1
5.2905 0.2905 0.699482495075 1
3.527 0.2905 3.20873715552 1
5.2905 -1.473 3.20873715552 1
3.527 0.2905 7.61138478165 1
5.2905 -1.473 7.61138478165 1
