-1.14066968671e-19 -5.0 9.46429952401 1
1.7635 -3.2365 10.5964223456 1
1.7635 -5.0 12.5211570544 1
-2.5804823685e-21 -3.2365 12.5211570544 1
6.92840246331e-19 -5.0 14.4358532007 1
1.7635 -3.2365 15.4426784388 1
1.7635 -5.0 17.4420470686 1
-1.39506161887e-19 -3.2365 17.4420470686 1
1.15732415216e-18 -5.0 1.18266672725 3
1.7635 -3.2365 5.41815066101 3
2.16015535146e-16 -5.0 5.50789160206 1
1.7635 -3.2365 1.08315851038 1
2.1596646303e-16 -3.2365 3.30432229242 1
1.7635 -5.0 3.30432229242 1
4.31867974519e-16 -3.2365 7.49271421483 1
1.7635 -5.0 7.49271421483 1
-1.14066968671e-19 -1.473 9.46429952401 1
1.7635 0.2905 10.5964223456 1
1.7635 -1.473 12.5211570544 1
-2.5804823685e-21 0.2905 12.5211570544 1
6.92840246331e-19 -1.473 14.4358532007 1
1.7635 0.2905 15.4426784388 1
1.7635 -1.473 17.4420470686 1
-1.39506161887e-19 0.2905 17.4420470686 1
1.15732415216e-18 -1.473 1.18266672725 3
1.7635 0.2905 5.41815066101 3
2.16015535146e-16 -1.473 5.50789160206 1
1.7635 0.2905 1.08315851038 1
2.1596646303e-16 0.2905 3.30432229242 1
1.7635 -1.473 3.30432229242 1
4.31867974519e-16 0.2905 7.49271421483 1
1.7635 -1.473 7.49271421483 1
3.527 -5.0 9.46429952401 1
5.2905 -3.2365 10.5964223456 1
5.2905 -5.0 12.5211570544 1
3.527 -3.2365 12.5211570544 1
3.527 -5.0 14.4358532007 1
5.2905 -3.2365 15.4426784388 1
5.2905 -5.0 17.4420470686 1
3.527 -3.2365 17.4420470686 1
3.527 -5.0 1.18266672725 3
5.2905 -3.2365 5.41815066101 3
3.527 -5.0 5.50789160206 1
5.2905 -3.2365 1.08315851038 1
3.527 -3.2365 3.30432229242 1
5.2905 -5.0 3.30432229242 1
3.527 -3.2365 7.49271421483 1
5.2905 -5.0 7.49271421483 1
3.527 -1.473 9.46429952401 1
5.2905 0.2905 10.5964223456 1
5.2905 -1.473 12.5211570544 1
3.527 0.2905 12.5211570544 1
3.527 -1.473 14.4358532007 1
5.2905 0.2905 15.4426784388 1
5.2905 -1.473 17.4420470686 1
3.527 0.2905 17.4420470686 1
3.527 -1.473 1.18266672725 3
5.2905 0.2905 5.41815066101 3
3.527 -1.473 5.50789160206 1
5.2905 0.2905 1.08315851038 1
3.527 0.2905 3.30432229242 1
5.2905 -1.473 3.30432229242 1
3.527 0.2905 7.49271421483 1
5.2905 -1.473 7.49271421483 1
