-5.3310169943e-19 -5.0 9.58728409796 1
1.7635 -3.2365 9.73495495566 1
1.7635 -5.0 11.7169540778 1
-4.47724995487e-20 -3.2365 11.7169540778 1
1.38185099899e-20 -5.0 13.6982226797 1
1.7635 -3.2365 13.8382841781 1
1.7635 -5.0 15.8941778116 1
2.01797801275e-20 -3.2365 15.8941778116 1
-5.23634873177e-20 -5.0 0.946598623372 3
1.7635 -3.2365 5.26554725395 3
2.1589046159e-16 -5.0 5.64701930371 1
1.7635 -3.2365 0.564959675851 1
2.15987352696e-16 -3.2365 3.10566909754 1
1.7635 -5.0 3.10566909754 1
4.32443658837e-16 -3.2365 7.52838139625 1
1.7635 -5.0 7.52838139625 1
-5.3310169943e-19 -1.473 9.58728409796 1
1.7635 0.2905 9.73495495566 1
1.7635 -1.473 11.7169540778 1
-4.47724995487e-20 0.2905 11.7169540778 1
1.38185099899e-20 -1.473 13.6982226797 1
1.7635 0.2905 13.8382841781 1
1.7635 -1.473 15.8941778116 1
2.01797801275e-20 0.2905 15.8941778116 1
-5.23634873177e-20 -1.473 0.946598623372 3
1.7635 0.2905 5.26554725395 3
2.1589046159e-16 -1.473 5.64701930371 1
1.7635 0.2905 0.564959675851 1
2.15987352696e-16 0.2905 3.10566909754 1
1.7635 -1.473 3.10566909754 1
4.32443658837e-16 0.2905 7.52838139625 1
1.7635 -1.473 7.52838139625 1
3.527 -5.0 9.58728409796 1
5.2905 -3.2365 9.73495495566 1
5.2905 -5.0 11.7169540778 1
3.527 -3.2365 11.7169540778 1
3.527 -5.0 13.6982226797 1
5.2905 -3.2365 13.8382841781 1
5.2905 -5.0 15.8941778116 1
3.527 -3.2365 15.8941778116 1
3.527 -5.0 0.946598623372 3
5.2905 -3.2365 5.26554725395 3
3.527 -5.0 5.64701930371 1
5.2905 -3.2365 0.564959675851 1
3.527 -3.2365 3.10566909754 1
5.2905 -5.0 3.10566909754 1
3.527 -3.2365 7.52838139625 1
5.2905 -5.0 7.52838139625 1
3.527 -1.473 9.58728409796 1
5.2905 0.2905 9.73495495566 1
5.2905 -1.473 11.7169540778 1
3.527 0.2905 11.7169540778 1
3.527 -1.473 13.6982226797 1
5.2905 0.2905 13.8382841781 1
5.2905 -1.473 15.8941778116 1
3.527 0.2905 15.8941778116 1
3.527 -1.473 0.946598623372 3
5.2905 0.2905 5.26554725395 3
3.527 -1.473 5.64701930371 1
5.2905 0.2905 0.564959675851 1
3.527 0.2905 3.10566909754 1
5.2905 -1.473 3.10566909754 1
3.527 0.2905 7.52838139625 1
5.2905 -1.473 7.52838139625 1
