-3.3935797921e-19 -5.0 9.7449396104 1
1.7635 -3.2365 10.3381818628 1
1.7635 -5.0 12.3092737686 1
3.58101512253e-21 -3.2365 12.3092737686 1
2.01204982483e-19 -5.0 14.2815457989 1
1.7635 -3.2365 14.8412733875 1
1.7635 -5.0 16.9048946046 1
-3.41413157885e-20 -3.2365 16.9048946046 1
4.68459554614e-20 -5.0 1.07105752342 3
1.7635 -3.2365 5.43505046385 3
2.16054718627e-16 -5.0 5.7537749043 1
1.7635 -3.2365 0.748011226684 1
2.16013527659e-16 -3.2365 3.25373143354 1
1.7635 -5.0 3.25373143354 1
4.31932926059e-16 -3.2365 7.65249595283 1
1.7635 -5.0 7.65249595283 1
-3.3935797921e-19 -1.473 9.7449396104 1
1.7635 0.2905 10.3381818628 1
1.7635 -1.473 12.3092737686 1
3.58101512253e-21 0.2905 12.3092737686 1
2.01204982483e-19 -1.473 14.2815457989 1
1.7635 0.2905 14.8412733875 1
1.7635 -1.473 16.9048946046 1
-3.41413157885e-20 0.2905 16.9048946046 1
4.68459554614e-20 -1.473 1.07105752342 3
1.7635 0.2905 5.43505046385 3
2.16054718627e-16 -1.473 5.7537749043 1
1.7635 0.2905 0.748011226684 1
2.16013527659e-16 0.2905 3.25373143354 1
1.7635 -1.473 3.25373143354 1
4.31932926059e-16 0.2905 7.65249595283 1
1.7635 -1.473 7.65249595283 1
3.527 -5.0 9.7449396104 1
5.2905 -3.2365 10.3381818628 1
5.2905 -5.0 12.3092737686 1
3.527 -3.2365 12.3092737686 1
3.527 -5.0 14.2815457989 1
5.2905 -3.2365 14.8412733875 1
5.2905 -5.0 16.9048946046 1
3.527 -3.2365 16.9048946046 1
3.527 -5.0 1.07105752342 3
5.2905 -3.2365 5.43505046385 3
3.527 -5.0 5.7537749043 1
5.2905 -3.2365 0.748011226684 1
3.527 -3.2365 3.25373143354 1
5.2905 -5.0 3.25373143354 1
3.527 -3.2365 7.65249595283 1
5.2905 -5.0 7.65249595283 1
3.527 -1.473 9.7449396104 1
5.2905 0.2905 10.3381818628 1
5.2905 -1.473 12.3092737686 1
3.527 0.2905 12.3092737686 1
3.527 -1.473 14.2815457989 1
5.2905 0.2905 14.8412733875 1
5.2905 -1.473 16.9048946046 1
3.527 0.2905 16.9048946046 1
3.527 -1.473 1.07105752342 3
5.2905 0.2905 5.43505046385 3
3.527 -1.473 5.7537749043 1
5.2905 0.2905 0.748011226684 1
3.527 0.2905 3.25373143354 1
5.2905 -1.473 3.25373143354 1
3.527 0.2905 7.65249595283 1
5.2905 -1.473 7.65249595283 1
