-8.70704404164e-19 -5.0 9.84433959293 1
1.7635 -3.2365 9.91288290531 1
1.7635 -5.0 11.9081210338 1
1.24197744023e-19 -3.2365 11.9081210338 1
-1.7746085604e-18 -5.0 13.9096746438 1
1.7635 -3.2365 13.9613192059 1
1.7635 -5.0 15.9930193653 1
-5.78929842291e-19 -3.2365 15.9930193653 1
0.0 -5.0 0.96678455806 3
1.7635 -3.2365 5.33777579576 3
2.16562960314e-16 -5.0 5.98560230201 1
1.7635 -3.2365 0.328051760463 1
2.15980974006e-16 -3.2365 3.14737535736 1
1.7635 -5.0 3.14737535736 1
4.31826562741e-16 -3.2365 7.81247539427 1
1.7635 -5.0 7.81247539427 1
-8.70704404164e-19 -1.473 9.84433959293 1
1.7635 0.2905 9.91288290531 1
1.7635 -1.473 11.9081210338 1
1.24197744023e-19 0.2905 11.9081210338 1
-1.7746085604e-18 -1.473 13.9096746438 1
1.7635 0.2905 13.9613192059 1
1.7635 -1.473 15.9930193653 1
-5.78929842291e-19 0.2905 15.9930193653 1
0.0 -1.473 0.96678455806 3
1.7635 0.2905 5.33777579576 3
2.16562960314e-16 -1.473 5.98560230201 1
1.7635 0.2905 0.328051760463 1
2.15980974006e-16 0.2905 3.14737535736 1
1.7635 -1.473 3.14737535736 1
4.31826562741e-16 0.2905 7.81247539427 1
1.7635 -1.473 7.81247539427 1
3.527 -5.0 9.84433959293 1
5.2905 -3.2365 9.91288290531 1
5.2905 -5.0 11.9081210338 1
3.527 -3.2365 11.9081210338 1
3.527 -5.0 13.9096746438 1
5.2905 -3.2365 13.9613192059 1
5.2905 -5.0 15.9930193653 1
3.527 -3.2365 15.9930193653 1
3.527 -5.0 0.96678455806 3
5.2905 -3.2365 5.33777579576 3
3.527 -5.0 5.98560230201 1
5.2905 -3.2365 0.328051760463 1
3.527 -3.2365 3.14737535736 1
5.2905 -5.0 3.14737535736 1
3.527 -3.2365 7.81247539427 1
5.2905 -5.0 7.81247539427 1
3.527 -1.473 9.84433959293 1
5.2905 0.2905 9.91288290531 1
5.2905 -1.473 11.9081210338 1
3.527 0.2905 11.9081210338 1
3.527 -1.473 13.9096746438 1
5.2905 0.2905 13.9613192059 1
5.2905 -1.473 15.9930193653 1
3.527 0.2905 15.9930193653 1
3.527 -1.473 0.96678455806 3
5.2905 0.2905 5.33777579576 3
3.527 -1.473 5.98560230201 1
5.2905 0.2905 0.328051760463 1
3.527 0.2905 3.14737535736 1
5.2905 -1.473 3.14737535736 1
3.527 0.2905 7.81247539427 1
5.2905 -1.473 7.81247539427 1
