-1.07621084896e-19 -5.0 7.9144171096 1
1.7635 -3.2365 7.94453516018 1
1.7635 -5.0 9.60128550581 1
-1.48459246674e-20 -3.2365 9.60128550581 1
1.68698514071e-20 -5.0 11.2578661078 1
1.7635 -3.2365 11.2879553161 1
1.7635 -5.0 12.9841330997 1
3.43961537588e-20 -3.2365 12.9841330997 1
-7.67315369647e-20 -5.0 0.706750267974 3
1.7635 -3.2365 4.38763599265 3
2.15834152078e-16 -5.0 4.44693979902 1
1.7635 -3.2365 0.647741218755 1
2.16018604624e-16 -3.2365 2.54725356189 1
1.7635 -5.0 2.54725356189 1
4.31932926059e-16 -3.2365 6.21846603421 1
1.7635 -5.0 6.21846603421 1
-1.07621084896e-19 -1.473 7.9144171096 1
1.7635 0.2905 7.94453516018 1
1.7635 -1.473 9.60128550581 1
-1.48459246674e-20 0.2905 9.60128550581 1
1.68698514071e-20 -1.473 11.2578661078 1
1.7635 0.2905 11.2879553161 1
1.7635 -1.473 12.9841330997 1
3.43961537588e-20 0.2905 12.9841330997 1
-7.67315369647e-20 -1.473 0.706750267974 3
1.7635 0.2905 4.38763599265 3
2.15834152078e-16 -1.473 4.44693979902 1
1.7635 0.2905 0.647741218755 1
2.16018604624e-16 0.2905 2.54725356189 1
1.7635 -1.473 2.54725356189 1
4.31932926059e-16 0.2905 6.21846603421 1
1.7635 -1.473 6.21846603421 1
3.527 -5.0 7.9144171096 1
5.2905 -3.2365 7.94453516018 1
5.2905 -5.0 9.60128550581 1
3.527 -3.2365 9.60128550581 1
3.527 -5.0 11.2578661078 1
5.2905 -3.2365 11.2879553161 1
5.2905 -5.0 12.9841330997 1
3.527 -3.2365 12.9841330997 1
3.527 -5.0 0.706750267974 3
5.2905 -3.2365 4.38763599265 3
3.527 -5.0 4.44693979902 1
5.2905 -3.2365 0.647741218755 1
3.527 -3.2365 2.54725356189 1
5.2905 -5.0 2.54725356189 1
3.527 -3.2365 6.21846603421 1
5.2905 -5.0 6.21846603421 1
3.527 -1.473 7.9144171096 1
5.2905 0.2905 7.94453516018 1
5.2905 -1.473 9.60128550581 1
3.527 0.2905 9.60128550581 1
3.527 -1.473 11.2578661078 1
5.2905 0.2905 11.2879553161 1
5.2905 -1.473 12.9841330997 1
3.527 0.2905 12.9841330997 1
3.527 -1.473 0.706750267974 3
5.2905 0.2905 4.38763599265 3
3.527 -1.473 4.44693979902 1
5.2905 0.2905 0.647741218755 1
3.527 0.2905 2.54725356189 1
5.2905 -1.473 2.54725356189 1
3.527 0.2905 6.21846603421 1
5.2905 -1.473 6.21846603421 1
